trainable parameters: 18880epoch: 0 mean: 0.198242418654263 best: 0.568825364112854 worst: -0.27466362714767456 std.: 0.26067994643273606
epoch: 1 mean: -0.0164071393199265 best: 0.4695095419883728 worst: -0.42070889472961426 std.: 0.3163371009547901
epoch: 2 mean: 0.05643669767305255 best: 0.6060750484466553 worst: -0.3456119894981384 std.: 0.30454881924701166
epoch: 3 mean: -0.10429204627871513 best: 0.5712795257568359 worst: -0.5493763089179993 std.: 0.3026886809000997
epoch: 4 mean: 0.1112843096256256 best: 0.9723982810974121 worst: -0.3770819902420044 std.: 0.38514899117027046
