epoch: 0 mean: 1.0402981042861938 best: 1.0402981042861938 worst: 1.0402981042861938 std.: 0.0
epoch: 0 mean: -0.13535857200622559 best: -0.13535857200622559 worst: -0.13535857200622559 std.: 0.0
epoch: 0 mean: 0.06761368364095688 best: 0.06761368364095688 worst: 0.06761368364095688 std.: 0.0
